[gd_scene load_steps=3 format=2]

[ext_resource path="res://assets/scenes/Rooms/room_square.tscn" type="PackedScene" id=1]
[ext_resource path="res://assets/furniturequepresta/cadeira.tscn" type="PackedScene" id=2]

[node name="Room" instance=ExtResource( 1 )]

[node name="Furniture" type="Spatial" parent="." index="4"]

[node name="cadeira" parent="Furniture" index="0" instance=ExtResource( 2 )]
transform = Transform( 0.662764, 0, 0.748829, 0, 1, 0, -0.748829, 0, 0.662764, -1.80301, -0.018779, -1.56354 )

[node name="cadeira2" parent="Furniture" index="1" instance=ExtResource( 2 )]
transform = Transform( 0.997944, 0, 0.0640969, 0, 1, 0, -0.0640969, 0, 0.997944, -0.689276, -0.018779, -1.9164 )

[node name="cadeira3" parent="Furniture" index="2" instance=ExtResource( 2 )]
transform = Transform( 0.681756, 0, -0.73158, 0, 1, 0, 0.73158, 0, 0.681756, 0.333466, -0.018779, -1.47005 )

[node name="cadeira4" parent="Furniture" index="3" instance=ExtResource( 2 )]
transform = Transform( 0.0208726, 0, -0.999782, 0, 1, 0, 0.999782, 0, 0.0208726, 0.805375, -0.018779, -0.388184 )

[node name="cadeira5" parent="Furniture" index="4" instance=ExtResource( 2 )]
transform = Transform( -0.786687, 0, 0.617352, 0, 1, 0, -0.617352, 0, -0.786687, -1.66843, -0.018779, 0.80924 )

[node name="cadeira7" parent="Furniture" index="5" instance=ExtResource( 2 )]
transform = Transform( -0.99935, 0, -0.0360332, 0, 1, 0, 0.0360332, 0, -0.99935, -0.668181, -0.018779, 1.06393 )

[node name="cadeira6" parent="Furniture" index="6" instance=ExtResource( 2 )]
transform = Transform( -0.038405, 0, 0.999262, 0, 1, 0, -0.999262, 0, -0.038405, -2.12603, -0.018779, -0.327791 )
