[gd_scene load_steps=5 format=2]

[ext_resource path="res://assets/scenes/Rooms/room_square.tscn" type="PackedScene" id=1]
[ext_resource path="res://assets/furniturequepresta/cadeira.tscn" type="PackedScene" id=2]
[ext_resource path="res://assets/furniturequepresta/TV_cursed.tscn" type="PackedScene" id=3]
[ext_resource path="res://assets/models/character/obmil_male.tscn" type="PackedScene" id=4]

[node name="Room" instance=ExtResource( 1 )]
room_id = 10

[node name="Furniture" type="Spatial" parent="." index="4"]

[node name="cadeira" parent="Furniture" index="0" instance=ExtResource( 2 )]
transform = Transform( -0.531325, 0, -0.847168, 0, 1, 0, 0.847168, 0, -0.531325, -0.927914, 0.00340845, -1.61367 )

[node name="cadeira2" parent="Furniture" index="1" instance=ExtResource( 2 )]
transform = Transform( -0.976469, 0, -0.215656, 0, 1, 0, 0.215656, 0, -0.976469, -1.98891, 0.00340845, -1.02416 )

[node name="TV_00s" parent="Furniture" index="2" instance=ExtResource( 3 )]
transform = Transform( 0.16413, 0, 0.114286, 0, 0.2, 0, -0.114286, 0, 0.16413, -2.39204, 0.337831, -2.40205 )

[node name="obmil_male" parent="." index="8" instance=ExtResource( 4 )]
transform = Transform( 0.0569407, 0.0287026, -0.997965, 0.0117573, 0.999498, 0.0294176, 0.998308, -0.0134084, 0.0565746, -0.596056, 0.904054, -0.39655 )
animation = "Idle_arms_crossed"

[editable path="obmil_male"]
