[gd_scene load_steps=5 format=2]

[ext_resource path="res://assets/scenes/Rooms/room_square.tscn" type="PackedScene" id=1]
[ext_resource path="res://assets/furniturequepresta/ObjetosAntigosCena/CriadoMudo.tscn" type="PackedScene" id=2]
[ext_resource path="res://assets/furniturequepresta/ObjetosAntigosCena/MesinhaCantoSala.tscn" type="PackedScene" id=3]
[ext_resource path="res://assets/furniturequepresta/ObjetosAntigosCena/PenteadeiraGrande.tscn" type="PackedScene" id=4]

[node name="Room" instance=ExtResource( 1 )]

[node name="Furniture" type="Spatial" parent="." index="6"]

[node name="CriadoMudo" parent="Furniture" index="0" instance=ExtResource( 2 )]
transform = Transform( 0.620819, 0, 0.783954, 0, 1, 0, -0.783954, 0, 0.620819, -2.01412, 9.56049e-06, -2.13802 )

[node name="CriadoMudo2" parent="Furniture" index="1" instance=ExtResource( 2 )]
transform = Transform( 0.620819, 0, 0.783954, 0, 1, 0, -0.783954, 0, 0.620819, -2.01412, 9.56049e-06, -0.839939 )

[node name="CriadoMudo3" parent="Furniture" index="2" instance=ExtResource( 2 )]
transform = Transform( 0.620819, 0, 0.783954, 0, 1, 0, -0.783954, 0, 0.620819, -0.963486, 9.56049e-06, -1.63456 )

[node name="CriadoMudo4" parent="Furniture" index="3" instance=ExtResource( 2 )]
transform = Transform( 0.871958, 0, -0.48958, 0, 1, 0, 0.48958, 0, 0.871958, 2.03831, 9.56049e-06, -2.23101 )

[node name="PenteadeiraGrande" parent="Furniture" index="4" instance=ExtResource( 4 )]
transform = Transform( -1.62921e-07, 0, 1, 0, 1, 0, -1, 0, -1.62921e-07, -2.32471, 5.80912e-07, 1.83919 )

[node name="MesinhaCantoSala" parent="Furniture" index="5" instance=ExtResource( 3 )]
transform = Transform( -1.62921e-07, 0, -1, 0, 1, 0, 1, 0, -1.62921e-07, 1.6781, -3.72529e-09, 2.35391 )

[node name="MesinhaCantoSala2" parent="Furniture" index="6" instance=ExtResource( 3 )]
transform = Transform( -0.860778, 0, -0.508981, 0, 1, 0, 0.508981, 0, -0.860778, 1.6781, -3.72529e-09, 1.30667 )
